Date, Time, Open, High, Low, Last, Volume, NumberOfTrades, BidVolume, AskVolume
2019/10/15, 22:00:00, 1.1111, 1.1113, 1.1109, 1.1110, 63, 50, 28, 35
2019/10/16, 02:00:00, 1.1109, 1.1110, 1.1102, 1.1108, 80, 76, 42, 38
2019/10/16, 06:00:00, 1.1108, 1.1139, 1.1107, 1.1115, 932, 775, 485, 447
2019/10/16, 10:00:00, 1.1114, 1.1127, 1.1100, 1.1120, 1662, 1241, 871, 791
2019/10/16, 14:00:00, 1.1120, 1.1164, 1.1118, 1.1160, 1364, 1029, 600, 764
2019/10/16, 18:00:00, 1.1161, 1.1161, 1.1144, 1.1150, 432, 362, 214, 218
2019/10/16, 22:00:00, 1.1150, 1.1161, 1.1149, 1.1159, 132, 114, 59, 73
2019/10/17, 02:00:00, 1.1158, 1.1160, 1.1152, 1.1152, 137, 107, 63, 74
2019/10/17, 06:00:00, 1.1152, 1.1169, 1.1141, 1.1166, 663, 476, 334, 329
2019/10/17, 10:00:00, 1.1167, 1.1216, 1.1167, 1.1193, 3205, 1999, 1735, 1470
2019/10/17, 14:00:00, 1.1194, 1.1209, 1.1187, 1.1203, 1865, 1025, 863, 1002
2019/10/17, 18:00:00, 1.1203, 1.1204, 1.1196, 1.1201, 332, 244, 164, 168
2019/10/17, 22:00:00, 1.1203, 1.1204, 1.1199, 1.1203, 41, 35, 20, 21
2019/10/18, 02:00:00, 1.1202, 1.1206, 1.1197, 1.1197, 133, 101, 41, 92
2019/10/18, 06:00:00, 1.1198, 1.1207, 1.1191, 1.1203, 434, 348, 218, 216
2019/10/18, 10:00:00, 1.1202, 1.1230, 1.1201, 1.1224, 1069, 717, 355, 714
2019/10/18, 14:00:00, 1.1224, 1.1235, 1.1211, 1.1233, 985, 804, 486, 499
2019/10/18, 18:00:00, 1.1234, 1.1247, 1.1232, 1.1246, 370, 326, 168, 202
2019/10/20, 22:00:00, 1.1232, 1.1237, 1.1226, 1.1236, 229, 152, 85, 144
2019/10/21, 02:00:00, 1.1236, 1.1236, 1.1231, 1.1234, 82, 69, 43, 39
2019/10/21, 06:00:00, 1.1232, 1.1255, 1.1225, 1.1242, 353, 315, 206, 147
2019/10/21, 10:00:00, 1.1242, 1.1248, 1.1236, 1.1236, 510, 433, 269, 241
2019/10/21, 14:00:00, 1.1236, 1.1237, 1.1214, 1.1226, 716, 640, 361, 355
2019/10/21, 18:00:00, 1.1227, 1.1228, 1.1220, 1.1226, 422, 314, 209, 213
2019/10/21, 22:00:00, 1.1226, 1.1228, 1.1223, 1.1228, 81, 67, 38, 43
2019/10/22, 02:00:00, 1.1228, 1.1231, 1.1222, 1.1226, 67, 66, 35, 32
2019/10/22, 06:00:00, 1.1227, 1.1230, 1.1207, 1.1215, 408, 349, 235, 173
2019/10/22, 10:00:00, 1.1216, 1.1222, 1.1198, 1.1202, 771, 661, 379, 392
2019/10/22, 14:00:00, 1.1202, 1.1220, 1.1200, 1.1214, 552, 488, 263, 289
2019/10/22, 18:00:00, 1.1214, 1.1227, 1.1192, 1.1198, 921, 685, 504, 417
2019/10/22, 22:00:00, 1.1199, 1.1203, 1.1198, 1.1199, 68, 54, 37, 31
2019/10/23, 02:00:00, 1.1199, 1.1199, 1.1188, 1.1194, 167, 139, 84, 83
2019/10/23, 06:00:00, 1.1194, 1.1201, 1.1191, 1.1192, 223, 185, 103, 120
2019/10/23, 10:00:00, 1.1191, 1.1198, 1.1179, 1.1196, 532, 454, 291, 241
2019/10/23, 14:00:00, 1.1195, 1.1198, 1.1185, 1.1194, 544, 450, 276, 268
2019/10/23, 18:00:00, 1.1194, 1.1213, 1.1192, 1.1203, 345, 285, 146, 199
2019/10/23, 22:00:00, 1.1204, 1.1204, 1.1200, 1.1202, 74, 44, 41, 33
2019/10/24, 02:00:00, 1.1204, 1.1212, 1.1204, 1.1205, 127, 98, 43, 84
2019/10/24, 06:00:00, 1.1204, 1.1233, 1.1194, 1.1202, 1164, 894, 528, 636
2019/10/24, 10:00:00, 1.1202, 1.1223, 1.1191, 1.1220, 629, 512, 306, 323
2019/10/24, 14:00:00, 1.1221, 1.1222, 1.1161, 1.1177, 1519, 1283, 848, 671
2019/10/24, 18:00:00, 1.1178, 1.1181, 1.1170, 1.1174, 268, 229, 124, 144
2019/10/24, 22:00:00, 1.1175, 1.1175, 1.1171, 1.1171, 27, 25, 16, 11
2019/10/25, 02:00:00, 1.1172, 1.1174, 1.1171, 1.1172, 31, 27, 15, 16
2019/10/25, 06:00:00, 1.1171, 1.1192, 1.1171, 1.1191, 745, 404, 319, 426
2019/10/25, 10:00:00, 1.1190, 1.1192, 1.1166, 1.1170, 486, 401, 256, 230
2019/10/25, 14:00:00, 1.1169, 1.1175, 1.1142, 1.1144, 683, 615, 380, 303
2019/10/25, 18:00:00, 1.1143, 1.1152, 1.1143, 1.1152, 191, 172, 102, 89
2019/10/27, 22:00:00, 1.1150, 1.1153, 1.1147, 1.1147, 89, 85, 46, 43
2019/10/28, 02:00:00, 1.1148, 1.1156, 1.1144, 1.1155, 121, 97, 68, 53
2019/10/28, 06:00:00, 1.1156, 1.1165, 1.1154, 1.1161, 393, 321, 212, 181
2019/10/28, 10:00:00, 1.1161, 1.1175, 1.1154, 1.1164, 580, 528, 277, 303
2019/10/28, 14:00:00, 1.1163, 1.1171, 1.1155, 1.1171, 387, 326, 176, 211
2019/10/28, 18:00:00, 1.1171, 1.1172, 1.1166, 1.1168, 112, 106, 48, 64
2019/10/28, 22:00:00, 1.1170, 1.1175, 1.1157, 1.1162, 214, 131, 110, 104
2019/10/29, 02:00:00, 1.1163, 1.1171, 1.1161, 1.1162, 129, 112, 56, 73
2019/10/29, 06:00:00, 1.1163, 1.1163, 1.1145, 1.1147, 437, 344, 274, 163
2019/10/29, 10:00:00, 1.1144, 1.1167, 1.1142, 1.1164, 679, 548, 349, 330
2019/10/29, 14:00:00, 1.1166, 1.1187, 1.1164, 1.1176, 817, 712, 362, 455
2019/10/29, 18:00:00, 1.1176, 1.1181, 1.1174, 1.1179, 168, 145, 86, 82
2019/10/29, 22:00:00, 1.1180, 1.1182, 1.1174, 1.1176, 82, 74, 39, 43
2019/10/30, 02:00:00, 1.1177, 1.1179, 1.1174, 1.1177, 114, 95, 65, 49
2019/10/30, 06:00:00, 1.1177, 1.1190, 1.1177, 1.1179, 393, 339, 211, 182
2019/10/30, 10:00:00, 1.1179, 1.1193, 1.1168, 1.1173, 860, 766, 458, 402
2019/10/30, 14:00:00, 1.1175, 1.1192, 1.1173, 1.1183, 595, 544, 239, 356
2019/10/30, 18:00:00, 1.1180, 1.1219, 1.1147, 1.1216, 1008, 822, 515, 493
2019/10/30, 22:00:00, 1.1219, 1.1234, 1.1216, 1.1230, 170, 139, 71, 99
2019/10/31, 02:00:00, 1.1230, 1.1235, 1.1225, 1.1225, 116, 97, 67, 49
2019/10/31, 06:00:00, 1.1225, 1.1241, 1.1222, 1.1229, 578, 489, 254, 324
2019/10/31, 10:00:00, 1.1232, 1.1239, 1.1206, 1.1212, 1074, 941, 498, 576
2019/10/31, 14:00:00, 1.1213, 1.1224, 1.1197, 1.1211, 949, 807, 500, 449
2019/10/31, 18:00:00, 1.1211, 1.1218, 1.1206, 1.1215, 190, 166, 77, 113
2019/10/31, 22:00:00, 1.1216, 1.1230, 1.1214, 1.1229, 130, 101, 56, 74
2019/11/1, 02:00:00, 1.1228, 1.1230, 1.1225, 1.1228, 93, 73, 49, 44
2019/11/1, 06:00:00, 1.1228, 1.1232, 1.1212, 1.1213, 351, 295, 184, 167
2019/11/1, 10:00:00, 1.1211, 1.1221, 1.1192, 1.1212, 1174, 1031, 577, 597
2019/11/1, 14:00:00, 1.1219, 1.1236, 1.1215, 1.1227, 1045, 910, 507, 538
2019/11/1, 18:00:00, 1.1226, 1.1233, 1.1223, 1.1229, 180, 146, 102, 78
2019/11/3, 22:00:00, 1.1229, 1.1231, 1.1223, 1.1230, 57, 56, 32, 25
2019/11/4, 02:00:00, 1.1230, 1.1236, 1.1227, 1.1230, 107, 89, 55, 52
2019/11/4, 06:00:00, 1.1230, 1.1238, 1.1212, 1.1228, 705, 543, 351, 354
2019/11/4, 10:00:00, 1.1228, 1.1233, 1.1215, 1.1220, 383, 356, 217, 166
2019/11/4, 14:00:00, 1.1218, 1.1220, 1.1202, 1.1204, 539, 476, 300, 239
2019/11/4, 18:00:00, 1.1205, 1.1205, 1.1188, 1.1193, 404, 307, 230, 174
2019/11/4, 22:00:00, 1.1185, 1.1193, 1.1184, 1.1188, 135, 107, 51, 84
2019/11/5, 02:00:00, 1.1189, 1.1190, 1.1176, 1.1190, 239, 178, 159, 80
2019/11/5, 06:00:00, 1.1189, 1.1202, 1.1186, 1.1192, 467, 342, 221, 246
2019/11/5, 10:00:00, 1.1189, 1.1193, 1.1158, 1.1162, 928, 672, 511, 417
2019/11/5, 14:00:00, 1.1160, 1.1160, 1.1125, 1.1129, 1577, 1149, 817, 760
2019/11/5, 18:00:00, 1.1130, 1.1136, 1.1125, 1.1135, 361, 285, 192, 169
2019/11/5, 22:00:00, 1.1136, 1.1137, 1.1127, 1.1136, 118, 108, 61, 57
2019/11/6, 02:00:00, 1.1135, 1.1140, 1.1131, 1.1136, 111, 99, 55, 56
2019/11/6, 06:00:00, 1.1137, 1.1154, 1.1133, 1.1153, 508, 463, 235, 273
2019/11/6, 10:00:00, 1.1153, 1.1153, 1.1139, 1.1149, 449, 429, 215, 234
2019/11/6, 14:00:00, 1.1149, 1.1149, 1.1125, 1.1128, 781, 635, 437, 344
2019/11/6, 18:00:00, 1.1127, 1.1134, 1.1126, 1.1126, 343, 281, 146, 197
2019/11/6, 22:00:00, 1.1127, 1.1129, 1.1122, 1.1123, 96, 90, 42, 54
2019/11/7, 02:00:00, 1.1123, 1.1124, 1.1114, 1.1118, 123, 114, 77, 46
2019/11/7, 06:00:00, 1.1120, 1.1142, 1.1116, 1.1136, 572, 485, 285, 287
2019/11/7, 10:00:00, 1.1136, 1.1150, 1.1122, 1.1126, 726, 626, 342, 384
2019/11/7, 14:00:00, 1.1125, 1.1127, 1.1093, 1.1098, 1001, 894, 527, 474
2019/11/7, 18:00:00, 1.1099, 1.1111, 1.1097, 1.1109, 338, 322, 165, 173
2019/11/7, 22:00:00, 1.1108, 1.1112, 1.1103, 1.1110, 80, 75, 43, 37
2019/11/8, 02:00:00, 1.1109, 1.1112, 1.1106, 1.1110, 63, 56, 28, 35
2019/11/8, 06:00:00, 1.1111, 1.1113, 1.1096, 1.1097, 376, 329, 194, 182
2019/11/8, 10:00:00, 1.1096, 1.1105, 1.1085, 1.1090, 648, 559, 378, 270
2019/11/8, 14:00:00, 1.1088, 1.1090, 1.1074, 1.1079, 809, 575, 491, 318
2019/11/8, 18:00:00, 1.1078, 1.1082, 1.1076, 1.1077, 198, 146, 96, 102
2019/11/10, 22:00:00, 1.1078, 1.1081, 1.1074, 1.1076, 151, 102, 113, 38
2019/11/11, 02:00:00, 1.1075, 1.1083, 1.1074, 1.1082, 47, 46, 22, 25
2019/11/11, 06:00:00, 1.1082, 1.1090, 1.1078, 1.1086, 334, 268, 161, 173
2019/11/11, 10:00:00, 1.1087, 1.1101, 1.1083, 1.1096, 404, 369, 182, 222
2019/11/11, 14:00:00, 1.1096, 1.1098, 1.1088, 1.1095, 333, 249, 188, 145
2019/11/11, 18:00:00, 1.1096, 1.1096, 1.1088, 1.1090, 104, 96, 59, 45
2019/11/11, 22:00:00, 1.1090, 1.1095, 1.1085, 1.1085, 65, 60, 34, 31
2019/11/12, 02:00:00, 1.1084, 1.1092, 1.1081, 1.1092, 167, 128, 107, 60
2019/11/12, 06:00:00, 1.1091, 1.1095, 1.1077, 1.1089, 501, 409, 236, 265
2019/11/12, 10:00:00, 1.1090, 1.1095, 1.1066, 1.1077, 735, 596, 439, 296
2019/11/12, 14:00:00, 1.1077, 1.1079, 1.1059, 1.1067, 625, 467, 287, 338
2019/11/12, 18:00:00, 1.1067, 1.1071, 1.1062, 1.1066, 189, 167, 105, 84
2019/11/12, 22:00:00, 1.1067, 1.1070, 1.1064, 1.1066, 106, 100, 50, 56
2019/11/13, 02:00:00, 1.1066, 1.1072, 1.1064, 1.1070, 83, 82, 43, 40
2019/11/13, 06:00:00, 1.1071, 1.1074, 1.1055, 1.1072, 633, 471, 301, 332
2019/11/13, 10:00:00, 1.1072, 1.1076, 1.1055, 1.1063, 701, 599, 392, 309
2019/11/13, 14:00:00, 1.1062, 1.1072, 1.1051, 1.1056, 850, 651, 460, 390
2019/11/13, 18:00:00, 1.1054, 1.1064, 1.1054, 1.1062, 358, 269, 125, 233
2019/11/13, 22:00:00, 1.1062, 1.1064, 1.1057, 1.1058, 152, 141, 81, 71
2019/11/14, 02:00:00, 1.1057, 1.1058, 1.1049, 1.1052, 149, 109, 98, 51
2019/11/14, 06:00:00, 1.1051, 1.1069, 1.1047, 1.1052, 737, 578, 429, 308
2019/11/14, 10:00:00, 1.1055, 1.1057, 1.1043, 1.1052, 473, 392, 274, 199
2019/11/14, 14:00:00, 1.1052, 1.1074, 1.1046, 1.1070, 508, 449, 218, 290
2019/11/14, 18:00:00, 1.1070, 1.1081, 1.1070, 1.1075, 411, 287, 198, 213
2019/11/14, 22:00:00, 1.1074, 1.1079, 1.1073, 1.1078, 69, 63, 40, 29
2019/11/15, 02:00:00, 1.1078, 1.1082, 1.1075, 1.1075, 94, 86, 40, 54
2019/11/15, 06:00:00, 1.1075, 1.1078, 1.1067, 1.1071, 399, 368, 247, 152
2019/11/15, 10:00:00, 1.1072, 1.1096, 1.1072, 1.1096, 559, 511, 274, 285
2019/11/15, 14:00:00, 1.1095, 1.1108, 1.1091, 1.1107, 640, 608, 274, 366
2019/11/15, 18:00:00, 1.1107, 1.1109, 1.1103, 1.1108, 241, 182, 84, 157
2019/11/17, 22:00:00, 1.1104, 1.1111, 1.1103, 1.1110, 113, 100, 48, 65
2019/11/18, 02:00:00, 1.1110, 1.1116, 1.1110, 1.1113, 105, 104, 43, 62
2019/11/18, 06:00:00, 1.1114, 1.1120, 1.1107, 1.1113, 402, 341, 183, 219
2019/11/18, 10:00:00, 1.1114, 1.1119, 1.1106, 1.1108, 599, 526, 306, 293
2019/11/18, 14:00:00, 1.1109, 1.1143, 1.1108, 1.1133, 989, 792, 410, 579
2019/11/18, 18:00:00, 1.1134, 1.1136, 1.1124, 1.1125, 237, 223, 128, 109
2019/11/18, 22:00:00, 1.1124, 1.1126, 1.1114, 1.1121, 98, 94, 50, 48
2019/11/19, 02:00:00, 1.1121, 1.1129, 1.1121, 1.1127, 101, 95, 55, 46
2019/11/19, 06:00:00, 1.1127, 1.1133, 1.1116, 1.1120, 503, 488, 298, 205
2019/11/19, 10:00:00, 1.1119, 1.1133, 1.1117, 1.1129, 377, 366, 201, 176
2019/11/19, 14:00:00, 1.1128, 1.1136, 1.1124, 1.1132, 559, 492, 279, 280
2019/11/19, 18:00:00, 1.1131, 1.1134, 1.1127, 1.1130, 154, 146, 69, 85
2019/11/19, 22:00:00, 1.1128, 1.1130, 1.1121, 1.1123, 104, 97, 46, 58
2019/11/20, 02:00:00, 1.1122, 1.1127, 1.1122, 1.1125, 70, 69, 35, 35
2019/11/20, 06:00:00, 1.1123, 1.1124, 1.1107, 1.1115, 458, 381, 277, 181
2019/11/20, 10:00:00, 1.1115, 1.1119, 1.1103, 1.1114, 645, 534, 326, 319
2019/11/20, 14:00:00, 1.1114, 1.1131, 1.1109, 1.1118, 741, 653, 359, 382
2019/11/20, 18:00:00, 1.1117, 1.1125, 1.1115, 1.1123, 318, 280, 175, 143
2019/11/20, 22:00:00, 1.1125, 1.1127, 1.1124, 1.1126, 79, 72, 33, 46
2019/11/21, 02:00:00, 1.1126, 1.1127, 1.1122, 1.1125, 104, 89, 51, 53
2019/11/21, 06:00:00, 1.1126, 1.1138, 1.1119, 1.1135, 432, 392, 196, 236
2019/11/21, 10:00:00, 1.1134, 1.1145, 1.1123, 1.1124, 631, 547, 316, 315
2019/11/21, 14:00:00, 1.1124, 1.1130, 1.1109, 1.1111, 728, 670, 365, 363
2019/11/21, 18:00:00, 1.1112, 1.1112, 1.1100, 1.1107, 358, 326, 176, 182
2019/11/21, 22:00:00, 1.1109, 1.1113, 1.1109, 1.1112, 62, 56, 29, 33
2019/11/22, 02:00:00, 1.1113, 1.1114, 1.1110, 1.1114, 50, 49, 25, 25
2019/11/22, 06:00:00, 1.1115, 1.1135, 1.1095, 1.1108, 876, 820, 424, 452
2019/11/22, 10:00:00, 1.1109, 1.1116, 1.1099, 1.1106, 565, 546, 283, 282
2019/11/22, 14:00:00, 1.1105, 1.1107, 1.1070, 1.1071, 1127, 950, 688, 439
2019/11/22, 18:00:00, 1.1072, 1.1077, 1.1062, 1.1064, 325, 305, 176, 149
2019/11/24, 22:00:00, 1.1068, 1.1071, 1.1068, 1.1071, 97, 92, 51, 46
2019/11/25, 02:00:00, 1.1071, 1.1076, 1.1066, 1.1076, 100, 91, 51, 49
2019/11/25, 06:00:00, 1.1076, 1.1079, 1.1057, 1.1061, 780, 649, 431, 349
2019/11/25, 10:00:00, 1.1061, 1.1066, 1.1052, 1.1063, 469, 421, 235, 234
2019/11/25, 14:00:00, 1.1064, 1.1072, 1.1051, 1.1054, 765, 620, 423, 342
2019/11/25, 18:00:00, 1.1053, 1.1060, 1.1052, 1.1059, 291, 259, 137, 154
2019/11/25, 22:00:00, 1.1060, 1.1060, 1.1051, 1.1057, 249, 180, 140, 109
2019/11/26, 02:00:00, 1.1056, 1.1062, 1.1055, 1.1060, 79, 70, 49, 30
2019/11/26, 06:00:00, 1.1061, 1.1065, 1.1055, 1.1060, 524, 389, 209, 315
2019/11/26, 10:00:00, 1.1060, 1.1071, 1.1059, 1.1063, 482, 372, 293, 189
2019/11/26, 14:00:00, 1.1064, 1.1067, 1.1053, 1.1066, 571, 488, 281, 290
2019/11/26, 18:00:00, 1.1066, 1.1071, 1.1063, 1.1068, 233, 182, 112, 121
2019/11/26, 22:00:00, 1.1068, 1.1069, 1.1061, 1.1062, 143, 101, 105, 38
2019/11/27, 02:00:00, 1.1062, 1.1063, 1.1054, 1.1055, 215, 142, 91, 124
2019/11/27, 06:00:00, 1.1055, 1.1059, 1.1049, 1.1055, 504, 403, 266, 238
2019/11/27, 10:00:00, 1.1055, 1.1058, 1.1044, 1.1048, 754, 621, 469, 285
2019/11/27, 14:00:00, 1.1047, 1.1051, 1.1037, 1.1046, 719, 570, 352, 367
2019/11/27, 18:00:00, 1.1045, 1.1052, 1.1043, 1.1044, 236, 214, 102, 134
2019/11/27, 22:00:00, 1.1048, 1.1051, 1.1042, 1.1051, 168, 107, 112, 56
2019/11/28, 02:00:00, 1.1052, 1.1052, 1.1048, 1.1051, 36, 31, 18, 18
2019/11/28, 06:00:00, 1.1050, 1.1061, 1.1049, 1.1057, 414, 350, 155, 259
2019/11/28, 10:00:00, 1.1057, 1.1058, 1.1044, 1.1052, 469, 443, 258, 211
2019/11/28, 14:00:00, 1.1052, 1.1053, 1.1046, 1.1052, 262, 245, 143, 119
2019/11/28, 22:00:00, 1.1053, 1.1055, 1.1047, 1.1054, 166, 80, 99, 67
2019/11/29, 02:00:00, 1.1054, 1.1055, 1.1052, 1.1055, 59, 52, 28, 31
2019/11/29, 06:00:00, 1.1053, 1.1057, 1.1045, 1.1048, 252, 222, 129, 123
2019/11/29, 10:00:00, 1.1048, 1.1049, 1.1024, 1.1033, 688, 574, 375, 313
2019/11/29, 14:00:00, 1.1036, 1.1071, 1.1033, 1.1059, 1107, 899, 466, 641
2019/11/29, 18:00:00, 1.1059, 1.1065, 1.1059, 1.1061, 21, 18, 11, 10
2019/12/1, 22:00:00, 1.1062, 1.1063, 1.1058, 1.1061, 96, 87, 49, 47
2019/12/2, 02:00:00, 1.1060, 1.1063, 1.1059, 1.1062, 50, 47, 23, 27
2019/12/2, 06:00:00, 1.1061, 1.1065, 1.1054, 1.1055, 268, 260, 136, 132
2019/12/2, 10:00:00, 1.1059, 1.1079, 1.1046, 1.1075, 796, 673, 406, 390
2019/12/2, 14:00:00, 1.1076, 1.1134, 1.1076, 1.1117, 1499, 1317, 639, 860
2019/12/2, 18:00:00, 1.1118, 1.1127, 1.1113, 1.1122, 283, 257, 133, 150
2019/12/2, 22:00:00, 1.1119, 1.1125, 1.1113, 1.1114, 281, 151, 110, 171
2019/12/3, 02:00:00, 1.1114, 1.1118, 1.1113, 1.1115, 86, 78, 48, 38
2019/12/3, 06:00:00, 1.1115, 1.1128, 1.1114, 1.1124, 710, 551, 479, 231
2019/12/3, 10:00:00, 1.1126, 1.1127, 1.1106, 1.1114, 772, 662, 406, 366
2019/12/3, 14:00:00, 1.1114, 1.1135, 1.1112, 1.1131, 740, 613, 321, 419
2019/12/3, 18:00:00, 1.1130, 1.1131, 1.1121, 1.1122, 186, 139, 106, 80
2019/12/3, 22:00:00, 1.1123, 1.1129, 1.1118, 1.1119, 183, 123, 44, 139
2019/12/4, 02:00:00, 1.1121, 1.1122, 1.1113, 1.1116, 172, 112, 135, 37
2019/12/4, 06:00:00, 1.1116, 1.1128, 1.1108, 1.1113, 650, 610, 340, 310
2019/12/4, 10:00:00, 1.1115, 1.1148, 1.1109, 1.1148, 875, 763, 404, 471
2019/12/4, 14:00:00, 1.1148, 1.1156, 1.1110, 1.1117, 1246, 1054, 652, 594
2019/12/4, 18:00:00, 1.1116, 1.1121, 1.1109, 1.1119, 249, 216, 130, 119
2019/12/4, 22:00:00, 1.1118, 1.1124, 1.1113, 1.1123, 300, 158, 147, 153
2019/12/5, 02:00:00, 1.1123, 1.1125, 1.1120, 1.1123, 78, 66, 46, 32
2019/12/5, 06:00:00, 1.1122, 1.1132, 1.1118, 1.1129, 505, 328, 240, 265
2019/12/5, 10:00:00, 1.1131, 1.1139, 1.1123, 1.1132, 563, 512, 279, 284
2019/12/5, 14:00:00, 1.1132, 1.1146, 1.1130, 1.1143, 600, 537, 290, 310
2019/12/5, 18:00:00, 1.1142, 1.1146, 1.1134, 1.1143, 345, 292, 182, 163
2019/12/5, 22:00:00, 1.1144, 1.1147, 1.1142, 1.1144, 202, 114, 108, 94
2019/12/6, 02:00:00, 1.1145, 1.1147, 1.1144, 1.1145, 54, 52, 31, 23
2019/12/6, 06:00:00, 1.1144, 1.1147, 1.1133, 1.1135, 249, 223, 107, 142
2019/12/6, 10:00:00, 1.1135, 1.1140, 1.1103, 1.1116, 1018, 792, 556, 462
2019/12/6, 14:00:00, 1.1117, 1.1117, 1.1078, 1.1093, 1101, 954, 615, 486
2019/12/6, 18:00:00, 1.1093, 1.1105, 1.1089, 1.1099, 355, 266, 117, 238
2019/12/8, 22:00:00, 1.1095, 1.1098, 1.1091, 1.1095, 231, 123, 99, 132
2019/12/9, 02:00:00, 1.1094, 1.1097, 1.1088, 1.1097, 409, 191, 229, 180
2019/12/9, 06:00:00, 1.1097, 1.1106, 1.1097, 1.1103, 417, 253, 180, 237
2019/12/9, 10:00:00, 1.1103, 1.1116, 1.1098, 1.1113, 287, 274, 127, 160
2019/12/9, 14:00:00, 1.1114, 1.1114, 1.1093, 1.1094, 540, 375, 262, 278
2019/12/9, 18:00:00, 1.1095, 1.1104, 1.1095, 1.1102, 142, 120, 53, 89
2019/12/9, 22:00:00, 1.1102, 1.1107, 1.1100, 1.1105, 159, 78, 64, 95
2019/12/10, 02:00:00, 1.1104, 1.1108, 1.1103, 1.1103, 54, 43, 34, 20
2019/12/10, 06:00:00, 1.1104, 1.1115, 1.1103, 1.1114, 288, 194, 144, 144
2019/12/10, 10:00:00, 1.1115, 1.1122, 1.1107, 1.1117, 599, 470, 326, 273
2019/12/10, 14:00:00, 1.1115, 1.1134, 1.1112, 1.1124, 630, 483, 247, 383
2019/12/10, 18:00:00, 1.1125, 1.1134, 1.1122, 1.1130, 247, 186, 135, 112
2019/12/10, 22:00:00, 1.1129, 1.1134, 1.1127, 1.1132, 265, 143, 131, 134
2019/12/11, 02:00:00, 1.1130, 1.1130, 1.1125, 1.1126, 33, 30, 22, 11
2019/12/11, 06:00:00, 1.1125, 1.1126, 1.1116, 1.1119, 372, 221, 226, 146
2019/12/11, 10:00:00, 1.1119, 1.1127, 1.1107, 1.1122, 508, 411, 227, 281
2019/12/11, 14:00:00, 1.1123, 1.1133, 1.1120, 1.1130, 364, 295, 189, 175
2019/12/11, 18:00:00, 1.1129, 1.1181, 1.1122, 1.1167, 851, 717, 350, 501
2019/12/11, 22:00:00, 1.1167, 1.1172, 1.1166, 1.1172, 76, 63, 47, 29
2019/12/12, 02:00:00, 1.1172, 1.1178, 1.1172, 1.1175, 31, 30, 13, 18
2019/12/12, 06:00:00, 1.1173, 1.1177, 1.1160, 1.1162, 204, 184, 100, 104
2019/12/12, 10:00:00, 1.1161, 1.1189, 1.1161, 1.1173, 748, 529, 274, 474
2019/12/12, 14:00:00, 1.1173, 1.1182, 1.1143, 1.1144, 874, 661, 497, 377
2019/12/12, 18:00:00, 1.1144, 1.1169, 1.1138, 1.1166, 390, 319, 157, 233
2019/12/12, 22:00:00, 1.1216, 1.1262, 1.1216, 1.1247, 760, 436, 334, 426
2019/12/13, 02:00:00, 1.1247, 1.1249, 1.1241, 1.1245, 75, 74, 38, 37
2019/12/13, 06:00:00, 1.1242, 1.1251, 1.1233, 1.1250, 508, 392, 204, 304
2019/12/13, 10:00:00, 1.1250, 1.1255, 1.1237, 1.1237, 488, 393, 224, 264
2019/12/13, 14:00:00, 1.1237, 1.1243, 1.1182, 1.1185, 1723, 1245, 1025, 698
2019/12/13, 18:00:00, 1.1188, 1.1192, 1.1182, 1.1190, 211, 170, 103, 108
2019/12/15, 22:00:00, 1.1198, 1.1199, 1.1186, 1.1197, 206, 96, 71, 135
2019/12/16, 02:00:00, 1.1197, 1.1207, 1.1197, 1.1204, 207, 111, 79, 128
2019/12/16, 06:00:00, 1.1203, 1.1218, 1.1196, 1.1202, 482, 381, 274, 208
2019/12/16, 10:00:00, 1.1206, 1.1224, 1.1204, 1.1224, 431, 311, 173, 258
2019/12/16, 14:00:00, 1.1222, 1.1227, 1.1205, 1.1211, 765, 560, 358, 407
2019/12/16, 18:00:00, 1.1213, 1.1218, 1.1211, 1.1215, 162, 142, 75, 87
2019/12/16, 22:00:00, 1.1209, 1.1214, 1.1204, 1.1208, 216, 119, 90, 126
2019/12/17, 02:00:00, 1.1210, 1.1218, 1.1209, 1.1216, 46, 42, 18, 28
2019/12/17, 06:00:00, 1.1215, 1.1221, 1.1198, 1.1219, 605, 417, 292, 313
2019/12/17, 10:00:00, 1.1220, 1.1244, 1.1213, 1.1216, 916, 688, 480, 436
2019/12/17, 14:00:00, 1.1216, 1.1228, 1.1214, 1.1221, 761, 515, 453, 308
2019/12/17, 18:00:00, 1.1222, 1.1223, 1.1214, 1.1222, 356, 216, 128, 228
2019/12/17, 22:00:00, 1.1221, 1.1222, 1.1208, 1.1209, 57, 55, 36, 21
2019/12/18, 02:00:00, 1.1210, 1.1210, 1.1198, 1.1204, 191, 145, 101, 90
2019/12/18, 06:00:00, 1.1203, 1.1211, 1.1195, 1.1200, 305, 269, 157, 148
2019/12/18, 10:00:00, 1.1201, 1.1204, 1.1179, 1.1186, 584, 461, 301, 283
2019/12/18, 14:00:00, 1.1186, 1.1202, 1.1179, 1.1185, 753, 608, 390, 363
2019/12/18, 18:00:00, 1.1187, 1.1188, 1.1180, 1.1182, 185, 161, 107, 78
2019/12/18, 22:00:00, 1.1183, 1.1190, 1.1180, 1.1189, 106, 80, 36, 70
2019/12/19, 02:00:00, 1.1189, 1.1197, 1.1189, 1.1192, 84, 77, 35, 49
2019/12/19, 06:00:00, 1.1191, 1.1205, 1.1190, 1.1202, 185, 155, 76, 109
2019/12/19, 10:00:00, 1.1202, 1.1209, 1.1176, 1.1179, 604, 479, 336, 268
2019/12/19, 14:00:00, 1.1178, 1.1196, 1.1173, 1.1190, 797, 617, 393, 404
2019/12/19, 18:00:00, 1.1189, 1.1193, 1.1182, 1.1185, 147, 116, 73, 74
2019/12/19, 22:00:00, 1.1188, 1.1188, 1.1180, 1.1181, 24, 22, 15, 9
2019/12/20, 02:00:00, 1.1180, 1.1184, 1.1178, 1.1183, 79, 69, 47, 32
2019/12/20, 06:00:00, 1.1182, 1.1186, 1.1178, 1.1184, 230, 191, 119, 111
2019/12/20, 10:00:00, 1.1184, 1.1186, 1.1151, 1.1153, 888, 715, 512, 376
2019/12/20, 14:00:00, 1.1156, 1.1156, 1.1132, 1.1132, 849, 554, 491, 358
2019/12/20, 18:00:00, 1.1133, 1.1143, 1.1131, 1.1140, 226, 174, 135, 91
2019/12/22, 22:00:00, 1.1140, 1.1142, 1.1136, 1.1141, 94, 61, 71, 23
2019/12/23, 02:00:00, 1.1140, 1.1145, 1.1138, 1.1145, 43, 40, 26, 17
2019/12/23, 06:00:00, 1.1145, 1.1150, 1.1144, 1.1147, 212, 171, 72, 140
2019/12/23, 10:00:00, 1.1147, 1.1151, 1.1132, 1.1144, 611, 450, 281, 330
2019/12/23, 14:00:00, 1.1143, 1.1159, 1.1140, 1.1155, 894, 482, 521, 373
2019/12/23, 18:00:00, 1.1155, 1.1158, 1.1150, 1.1153, 103, 95, 59, 44
2019/12/23, 22:00:00, 1.1153, 1.1156, 1.1148, 1.1148, 66, 50, 35, 31
2019/12/24, 02:00:00, 1.1149, 1.1150, 1.1147, 1.1149, 27, 26, 14, 13
2019/12/24, 06:00:00, 1.1150, 1.1150, 1.1137, 1.1137, 155, 127, 104, 51
2019/12/24, 10:00:00, 1.1137, 1.1147, 1.1131, 1.1139, 232, 207, 117, 115
2019/12/24, 14:00:00, 1.1141, 1.1155, 1.1140, 1.1150, 245, 202, 98, 147
2019/12/24, 18:00:00, 1.1150, 1.1150, 1.1145, 1.1145, 52, 38, 31, 21
2019/12/25, 22:00:00, 1.1153, 1.1157, 1.1149, 1.1153, 113, 84, 67, 46
2019/12/26, 02:00:00, 1.1152, 1.1156, 1.1151, 1.1152, 67, 50, 38, 29
2019/12/26, 06:00:00, 1.1150, 1.1159, 1.1149, 1.1154, 77, 69, 41, 36
2019/12/26, 10:00:00, 1.1154, 1.1163, 1.1144, 1.1161, 201, 182, 90, 111
2019/12/26, 14:00:00, 1.1161, 1.1167, 1.1152, 1.1166, 292, 231, 135, 157
2019/12/26, 18:00:00, 1.1167, 1.1172, 1.1153, 1.1157, 275, 216, 120, 155
2019/12/26, 22:00:00, 1.1160, 1.1175, 1.1160, 1.1170, 221, 161, 69, 152
2019/12/27, 02:00:00, 1.1170, 1.1183, 1.1170, 1.1181, 340, 197, 128, 212
2019/12/27, 06:00:00, 1.1182, 1.1202, 1.1178, 1.1199, 656, 486, 256, 400
2019/12/27, 10:00:00, 1.1199, 1.1217, 1.1197, 1.1211, 879, 728, 347, 532
2019/12/27, 14:00:00, 1.1212, 1.1242, 1.1210, 1.1241, 1025, 771, 434, 591
2019/12/27, 18:00:00, 1.1242, 1.1247, 1.1226, 1.1237, 485, 360, 289, 196
2019/12/29, 22:00:00, 1.1237, 1.1249, 1.1235, 1.1248, 513, 270, 281, 232
2019/12/30, 02:00:00, 1.1246, 1.1264, 1.1246, 1.1256, 203, 185, 93, 110
2019/12/30, 06:00:00, 1.1257, 1.1260, 1.1243, 1.1253, 418, 331, 203, 215
2019/12/30, 10:00:00, 1.1253, 1.1256, 1.1235, 1.1248, 402, 333, 192, 210
2019/12/30, 14:00:00, 1.1249, 1.1274, 1.1243, 1.1265, 638, 516, 285, 353
2019/12/30, 18:00:00, 1.1266, 1.1266, 1.1251, 1.1254, 155, 140, 82, 73
2019/12/30, 22:00:00, 1.1257, 1.1266, 1.1255, 1.1265, 211, 143, 86, 125
2019/12/31, 02:00:00, 1.1267, 1.1267, 1.1252, 1.1259, 240, 145, 145, 95
2019/12/31, 06:00:00, 1.1259, 1.1270, 1.1256, 1.1267, 188, 172, 96, 92
2019/12/31, 10:00:00, 1.1266, 1.1294, 1.1262, 1.1291, 469, 416, 198, 271
2019/12/31, 14:00:00, 1.1291, 1.1295, 1.1270, 1.1282, 621, 482, 331, 290
2019/12/31, 18:00:00, 1.1280, 1.1280, 1.1263, 1.1263, 94, 88, 60, 34
2020/1/1, 22:00:00, 1.1263, 1.1276, 1.1263, 1.1272, 149, 124, 54, 95
2020/1/2, 02:00:00, 1.1271, 1.1280, 1.1252, 1.1255, 433, 255, 230, 203
2020/1/2, 06:00:00, 1.1256, 1.1265, 1.1252, 1.1254, 354, 294, 159, 195
2020/1/2, 10:00:00, 1.1254, 1.1255, 1.1234, 1.1247, 681, 534, 336, 345
2020/1/2, 14:00:00, 1.1247, 1.1253, 1.1214, 1.1215, 1226, 889, 673, 553
2020/1/2, 18:00:00, 1.1220, 1.1223, 1.1213, 1.1222, 401, 242, 265, 136
2020/1/2, 22:00:00, 1.1222, 1.1228, 1.1219, 1.1223, 76, 68, 35, 41
2020/1/3, 02:00:00, 1.1224, 1.1226, 1.1214, 1.1218, 184, 139, 112, 72
2020/1/3, 06:00:00, 1.1215, 1.1220, 1.1189, 1.1189, 536, 440, 291, 245
2020/1/3, 10:00:00, 1.1189, 1.1197, 1.1174, 1.1188, 655, 565, 327, 328
2020/1/3, 14:00:00, 1.1186, 1.1233, 1.1185, 1.1223, 998, 746, 443, 555
2020/1/3, 18:00:00, 1.1221, 1.1223, 1.1202, 1.1205, 282, 240, 184, 98
2020/1/5, 22:00:00, 1.1208, 1.1217, 1.1208, 1.1212, 143, 120, 87, 56
2020/1/6, 02:00:00, 1.1212, 1.1221, 1.1209, 1.1211, 198, 145, 104, 94
2020/1/6, 06:00:00, 1.1209, 1.1242, 1.1206, 1.1242, 536, 435, 236, 300
2020/1/6, 10:00:00, 1.1242, 1.1255, 1.1239, 1.1247, 788, 673, 375, 413
2020/1/6, 14:00:00, 1.1248, 1.1248, 1.1230, 1.1244, 422, 350, 204, 218
2020/1/6, 18:00:00, 1.1243, 1.1248, 1.1237, 1.1245, 170, 137, 82, 88
2020/1/6, 22:00:00, 1.1245, 1.1246, 1.1238, 1.1244, 83, 74, 30, 53
2020/1/7, 02:00:00, 1.1241, 1.1243, 1.1232, 1.1232, 89, 76, 58, 31
2020/1/7, 06:00:00, 1.1231, 1.1238, 1.1221, 1.1233, 556, 471, 317, 239
2020/1/7, 10:00:00, 1.1234, 1.1235, 1.1203, 1.1203, 920, 723, 502, 418
2020/1/7, 14:00:00, 1.1204, 1.1211, 1.1181, 1.1190, 832, 677, 435, 397
2020/1/7, 18:00:00, 1.1190, 1.1202, 1.1189, 1.1202, 186, 159, 101, 85
2020/1/7, 22:00:00, 1.1196, 1.1216, 1.1195, 1.1202, 304, 240, 149, 155
2020/1/8, 02:00:00, 1.1204, 1.1208, 1.1193, 1.1196, 166, 134, 102, 64
2020/1/8, 06:00:00, 1.1196, 1.1201, 1.1173, 1.1187, 664, 588, 357, 307
2020/1/8, 10:00:00, 1.1185, 1.1185, 1.1158, 1.1167, 1126, 844, 546, 580
2020/1/8, 14:00:00, 1.1167, 1.1178, 1.1154, 1.1165, 811, 611, 440, 371
2020/1/8, 18:00:00, 1.1162, 1.1162, 1.1149, 1.1153, 289, 229, 172, 117
2020/1/8, 22:00:00, 1.1153, 1.1164, 1.1153, 1.1163, 95, 77, 49, 46
2020/1/9, 02:00:00, 1.1163, 1.1163, 1.1158, 1.1163, 70, 62, 42, 28
2020/1/9, 06:00:00, 1.1162, 1.1165, 1.1145, 1.1145, 627, 538, 308, 319
2020/1/9, 10:00:00, 1.1145, 1.1162, 1.1142, 1.1159, 526, 461, 261, 265
2020/1/9, 14:00:00, 1.1160, 1.1160, 1.1138, 1.1150, 549, 470, 292, 257
2020/1/9, 18:00:00, 1.1149, 1.1154, 1.1148, 1.1150, 231, 167, 103, 128
2020/1/9, 22:00:00, 1.1151, 1.1154, 1.1146, 1.1149, 77, 67, 48, 29
2020/1/10, 02:00:00, 1.1149, 1.1154, 1.1149, 1.1154, 86, 61, 50, 36
2020/1/10, 06:00:00, 1.1154, 1.1156, 1.1136, 1.1141, 443, 362, 226, 217
2020/1/10, 10:00:00, 1.1141, 1.1158, 1.1128, 1.1141, 1023, 718, 448, 575
2020/1/10, 14:00:00, 1.1141, 1.1173, 1.1131, 1.1165, 885, 738, 415, 470
2020/1/10, 18:00:00, 1.1164, 1.1170, 1.1162, 1.1165, 256, 205, 134, 122
2020/1/12, 22:00:00, 1.1161, 1.1165, 1.1159, 1.1165, 149, 113, 62, 87
2020/1/13, 02:00:00, 1.1165, 1.1176, 1.1163, 1.1174, 104, 91, 61, 43
2020/1/13, 06:00:00, 1.1172, 1.1179, 1.1159, 1.1160, 513, 442, 274, 239
2020/1/13, 10:00:00, 1.1158, 1.1172, 1.1157, 1.1163, 493, 409, 241, 252
2020/1/13, 14:00:00, 1.1163, 1.1191, 1.1162, 1.1184, 489, 396, 191, 298
2020/1/13, 18:00:00, 1.1184, 1.1189, 1.1177, 1.1178, 156, 137, 80, 76
2020/1/13, 22:00:00, 1.1179, 1.1185, 1.1173, 1.1179, 106, 80, 66, 40
2020/1/14, 02:00:00, 1.1179, 1.1181, 1.1178, 1.1181, 45, 43, 29, 16
2020/1/14, 06:00:00, 1.1180, 1.1187, 1.1173, 1.1177, 345, 320, 181, 164
2020/1/14, 10:00:00, 1.1174, 1.1178, 1.1149, 1.1152, 669, 601, 391, 278
2020/1/14, 14:00:00, 1.1153, 1.1175, 1.1146, 1.1175, 685, 568, 360, 325
2020/1/14, 18:00:00, 1.1174, 1.1177, 1.1167, 1.1169, 134, 127, 71, 63
2020/1/14, 22:00:00, 1.1169, 1.1173, 1.1169, 1.1170, 29, 27, 16, 13
2020/1/15, 02:00:00, 1.1171, 1.1176, 1.1169, 1.1176, 29, 28, 15, 14
2020/1/15, 06:00:00, 1.1175, 1.1179, 1.1161, 1.1170, 429, 295, 220, 209
2020/1/15, 10:00:00, 1.1169, 1.1197, 1.1167, 1.1190, 820, 598, 389, 431
2020/1/15, 14:00:00, 1.1191, 1.1206, 1.1185, 1.1200, 693, 549, 340, 353
2020/1/15, 18:00:00, 1.1201, 1.1202, 1.1190, 1.1191, 215, 177, 101, 114
2020/1/15, 22:00:00, 1.1192, 1.1199, 1.1191, 1.1192, 84, 68, 35, 49
2020/1/16, 02:00:00, 1.1192, 1.1194, 1.1188, 1.1189, 49, 47, 27, 22
2020/1/16, 06:00:00, 1.1187, 1.1203, 1.1182, 1.1192, 461, 388, 242, 219
2020/1/16, 10:00:00, 1.1193, 1.1212, 1.1190, 1.1191, 656, 549, 331, 325
2020/1/16, 14:00:00, 1.1191, 1.1199, 1.1166, 1.1173, 983, 758, 572, 411
2020/1/16, 18:00:00, 1.1173, 1.1177, 1.1171, 1.1175, 137, 126, 68, 69
2020/1/16, 22:00:00, 1.1177, 1.1179, 1.1174, 1.1176, 48, 36, 26, 22
2020/1/17, 02:00:00, 1.1177, 1.1181, 1.1170, 1.1176, 73, 68, 38, 35
2020/1/17, 06:00:00, 1.1175, 1.1180, 1.1164, 1.1167, 307, 255, 151, 156
2020/1/17, 10:00:00, 1.1167, 1.1167, 1.1137, 1.1141, 697, 610, 378, 319
2020/1/17, 14:00:00, 1.1139, 1.1144, 1.1126, 1.1127, 811, 607, 435, 376
2020/1/17, 18:00:00, 1.1131, 1.1133, 1.1123, 1.1129, 438, 257, 198, 240
2020/1/19, 22:00:00, 1.1128, 1.1140, 1.1122, 1.1134, 370, 149, 224, 146
2020/1/20, 02:00:00, 1.1134, 1.1137, 1.1133, 1.1134, 37, 36, 16, 21
2020/1/20, 06:00:00, 1.1137, 1.1140, 1.1121, 1.1129, 371, 269, 206, 165
2020/1/20, 10:00:00, 1.1128, 1.1128, 1.1119, 1.1122, 332, 264, 179, 153
2020/1/20, 14:00:00, 1.1121, 1.1126, 1.1115, 1.1122, 345, 274, 178, 167
2020/1/20, 22:00:00, 1.1133, 1.1134, 1.1127, 1.1129, 133, 123, 62, 71
2020/1/21, 02:00:00, 1.1130, 1.1137, 1.1130, 1.1133, 94, 84, 39, 55
2020/1/21, 06:00:00, 1.1133, 1.1135, 1.1123, 1.1129, 471, 377, 272, 199
2020/1/21, 10:00:00, 1.1128, 1.1156, 1.1128, 1.1152, 854, 729, 405, 449
2020/1/21, 14:00:00, 1.1151, 1.1151, 1.1126, 1.1129, 612, 450, 346, 266
2020/1/21, 18:00:00, 1.1129, 1.1132, 1.1118, 1.1119, 204, 163, 134, 70
2020/1/21, 22:00:00, 1.1120, 1.1123, 1.1115, 1.1119, 117, 94, 78, 39
2020/1/22, 02:00:00, 1.1117, 1.1122, 1.1114, 1.1122, 57, 53, 28, 29
2020/1/22, 06:00:00, 1.1121, 1.1129, 1.1112, 1.1128, 479, 402, 221, 258
2020/1/22, 10:00:00, 1.1128, 1.1131, 1.1115, 1.1126, 481, 412, 251, 230
2020/1/22, 14:00:00, 1.1128, 1.1135, 1.1107, 1.1122, 808, 668, 403, 405
2020/1/22, 18:00:00, 1.1123, 1.1132, 1.1121, 1.1129, 260, 198, 169, 91
2020/1/22, 22:00:00, 1.1130, 1.1135, 1.1115, 1.1124, 209, 165, 109, 100
2020/1/23, 02:00:00, 1.1125, 1.1127, 1.1117, 1.1118, 77, 73, 46, 31
2020/1/23, 06:00:00, 1.1119, 1.1127, 1.1114, 1.1120, 288, 266, 165, 123
2020/1/23, 10:00:00, 1.1118, 1.1122, 1.1117, 1.1119, 61, 46, 15, 46
